13

C   -0.7105990061  0.0545529228   1.1883792338
C   -0.0619351762 -0.1232236707   0.0414720713
C    0.0495468268  0.1775255300   2.4029044998
C    0.6678856643  0.2846012429   3.4442149110
C   -2.2254430250  0.1383471805   1.3074730454
C   -2.9719910822  0.0012216272  -0.0185265841
H    0.9736844689 -0.2111723684  -0.2767539117
H    1.2216152690  0.3775193160   4.3542571630
H   -2.5497210291 -0.6411840559   2.0143749994
H   -2.6813339479  0.7933971429  -0.7220086817
H   -4.0555736312  0.0713747371   0.1459113654
H   -2.7608416967 -0.9656976677  -0.4953859213
H   -2.4711776491  1.0969468036   1.7904070029
